6 59
8 82
11 106
15 129
24 150
38 167
56 182
76 193
98 195
119 192
137 180
154 166
167 148
175 128
180 106
182 84
184 62
23 42
35 31
51 27
68 29
85 36
115 36
130 30
146 29
161 32
171 43
99 57
99 72
99 87
99 102
80 113
90 115
99 118
108 116
117 113
43 60
53 55
65 55
75 62
64 64
52 64
122 62
132 56
143 56
153 61
143 64
132 64
60 137
75 133
89 131
98 133
108 131
120 133
135 136
121 149
108 156
98 157
88 156
74 150
65 138
89 138
98 139
108 139
129 138
108 145
98 146
89 145
