3 54
4 78
7 103
12 125
22 146
37 164
55 180
75 192
96 194
116 189
133 176
146 159
159 140
168 121
172 100
175 79
176 57
23 40
36 31
52 28
69 31
85 37
116 37
130 31
144 28
158 30
167 39
100 58
101 74
101 89
102 104
80 113
90 116
101 119
110 116
119 113
42 60
52 55
64 56
75 64
63 65
51 65
121 63
131 55
142 55
151 59
143 64
132 65
58 137
74 134
89 132
100 134
109 132
122 133
134 136
122 152
109 159
99 161
88 160
73 152
64 138
89 140
99 141
109 140
129 138
109 146
99 148
89 147
