11 61
12 84
15 106
19 128
28 148
43 165
60 179
78 191
99 195
119 192
138 179
154 165
169 147
178 127
183 105
185 83
187 59
24 43
35 34
51 31
68 33
83 39
113 39
129 33
145 30
161 33
173 43
98 59
98 74
98 89
98 104
80 114
89 116
98 119
108 116
117 114
43 60
53 55
65 55
76 63
64 65
52 64
121 63
132 55
144 54
154 60
144 64
132 64
61 135
75 133
89 131
98 133
108 131
121 133
137 135
122 150
108 157
98 158
88 157
74 150
66 137
88 138
98 140
108 138
131 137
108 146
98 147
89 146
