9 57
9 81
12 103
16 126
25 146
40 164
57 178
76 189
97 192
117 188
135 176
151 162
164 145
173 125
178 103
180 81
181 58
23 41
36 32
52 30
69 32
85 39
114 39
128 32
143 29
158 32
169 41
100 59
100 74
100 89
101 105
81 114
90 117
99 120
109 117
117 114
41 59
52 53
64 54
76 63
63 65
51 64
120 63
131 54
143 53
153 60
144 65
132 65
61 135
75 132
89 131
99 133
108 130
120 132
133 135
120 148
108 154
98 155
88 154
75 148
66 136
89 138
99 139
108 138
128 137
108 142
98 143
89 142
