10 56
12 79
16 102
20 124
28 145
41 163
58 177
77 189
98 192
119 189
137 177
153 162
166 144
174 123
178 102
182 79
184 57
25 44
37 35
52 32
68 34
84 40
113 40
128 35
144 33
159 35
170 45
99 58
99 73
99 88
99 103
82 113
90 116
99 118
107 116
115 113
44 59
54 54
65 54
75 62
64 64
53 63
121 62
130 54
142 54
151 59
143 64
131 64
63 137
77 134
89 132
98 134
107 132
119 134
133 137
120 149
108 154
98 155
89 154
76 149
68 138
89 139
98 140
107 139
127 138
108 143
98 145
89 143
