11 60
12 82
16 104
20 126
28 146
40 164
57 178
76 189
98 192
120 189
140 179
157 165
170 147
178 127
183 104
185 82
186 59
24 43
36 33
52 31
69 33
85 39
112 39
128 33
144 31
160 33
172 43
98 58
98 72
98 87
98 102
81 112
89 115
98 117
107 115
116 112
42 60
53 54
65 54
76 62
64 65
52 65
120 62
131 54
144 54
154 60
145 65
132 65
63 139
77 133
89 130
98 132
107 130
119 133
131 139
120 150
108 155
98 156
88 155
76 150
69 140
89 139
98 140
107 139
126 140
107 141
98 143
88 141
