8 64
9 86
12 108
17 130
26 150
41 166
58 180
77 191
99 194
121 191
140 179
156 164
170 148
179 128
183 107
185 85
185 63
23 45
34 34
49 30
67 31
82 37
114 37
129 32
146 30
161 33
173 44
98 58
98 72
99 85
99 98
80 111
89 114
99 116
108 114
117 111
42 62
52 57
64 56
74 64
64 65
51 66
122 64
132 56
144 57
154 62
144 65
133 65
58 136
74 134
89 132
99 133
108 132
122 134
137 136
122 148
108 153
98 154
88 153
73 148
64 138
89 138
98 140
108 138
132 137
108 143
98 144
89 143
