13 60
14 83
17 105
21 127
30 147
43 164
60 179
78 191
98 194
119 191
138 179
155 165
169 148
178 127
182 105
185 82
186 60
26 42
37 34
51 31
67 33
81 39
114 40
129 34
145 31
160 34
172 42
98 59
98 74
98 89
98 104
81 113
89 116
98 119
107 116
115 113
43 60
53 54
65 55
75 63
64 64
52 64
122 63
132 55
144 54
154 60
145 65
133 65
62 136
75 133
89 131
98 133
108 131
121 133
135 136
121 149
108 155
98 156
88 155
75 150
68 137
89 138
98 139
108 138
130 137
108 144
98 145
89 144
