3.0 20.0
3.0 32.0
4.0 44.0
7.0 56.0
12.0 68.0
19.0 77.0
27.0 86.0
37.0 92.0
46.0 93.0
55.0 91.0
62.0 84.0
68.0 76.0
74.0 66.0
78.0 56.0
80.0 46.0
82.0 34.0
82.0 24.0
14.0 17.0
21.0 13.0
29.0 13.0
36.0 15.0
44.0 19.0
58.0 19.0
64.0 16.0
70.0 14.0
76.0 13.0
80.0 17.0
50.0 29.0
51.0 36.0
51.0 43.0
51.0 50.0
42.0 56.0
46.0 57.0
50.0 58.0
54.0 57.0
58.0 56.0
22.0 28.0
27.0 26.0
33.0 26.0
38.0 30.0
32.0 32.0
26.0 31.0
59.0 30.0
64.0 26.0
70.0 26.0
74.0 28.0
70.0 32.0
64.0 32.0
33.0 72.0
40.0 69.0
46.0 67.0
50.0 68.0
53.0 67.0
58.0 69.0
62.0 72.0
58.0 78.0
53.0 80.0
49.0 81.0
46.0 80.0
39.0 78.0
36.0 72.0
46.0 72.0
50.0 73.0
53.0 72.0
60.0 72.0
53.0 73.0
50.0 73.0
46.0 73.0
6.0 26.0
6.0 38.0
8.0 50.0
9.0 62.0
13.0 72.0
20.0 81.0
28.0 88.0
38.0 94.0
48.0 96.0
58.0 94.0
66.0 88.0
73.0 80.0
79.0 70.0
83.0 60.0
86.0 50.0
86.0 38.0
87.0 27.0
14.0 20.0
20.0 15.0
28.0 14.0
35.0 16.0
42.0 18.0
57.0 19.0
64.0 16.0
72.0 14.0
78.0 16.0
84.0 20.0
50.0 29.0
50.0 36.0
50.0 43.0
50.0 50.0
40.0 56.0
45.0 57.0
50.0 58.0
54.0 57.0
59.0 56.0
22.0 30.0
26.0 27.0
33.0 27.0
38.0 32.0
32.0 32.0
26.0 32.0
60.0 32.0
65.0 28.0
71.0 27.0
76.0 30.0
72.0 33.0
66.0 33.0
30.0 69.0
38.0 67.0
45.0 66.0
50.0 66.0
54.0 66.0
60.0 67.0
67.0 69.0
60.0 76.0
54.0 78.0
50.0 79.0
44.0 78.0
37.0 76.0
33.0 70.0
44.0 70.0
50.0 70.0
54.0 70.0
64.0 70.0
54.0 72.0
50.0 72.0
44.0 72.0
6.0 27.0
6.0 39.0
7.0 50.0
9.0 62.0
14.0 72.0
20.0 81.0
29.0 88.0
38.0 94.0
48.0 95.0
58.0 94.0
68.0 88.0
75.0 80.0
82.0 72.0
86.0 61.0
88.0 50.0
90.0 38.0
90.0 27.0
14.0 20.0
20.0 15.0
28.0 14.0
35.0 16.0
43.0 19.0
56.0 20.0
64.0 16.0
71.0 14.0
78.0 15.0
84.0 20.0
50.0 28.0
50.0 36.0
50.0 42.0
50.0 50.0
40.0 56.0
44.0 56.0
50.0 58.0
54.0 56.0
58.0 55.0
22.0 30.0
27.0 27.0
32.0 27.0
38.0 30.0
32.0 32.0
26.0 32.0
60.0 30.0
66.0 27.0
71.0 27.0
76.0 30.0
72.0 32.0
66.0 32.0
34.0 71.0
40.0 67.0
45.0 64.0
50.0 66.0
53.0 64.0
58.0 67.0
64.0 72.0
59.0 77.0
54.0 79.0
49.0 80.0
44.0 79.0
39.0 77.0
37.0 71.0
45.0 70.0
49.0 70.0
54.0 70.0
62.0 72.0
53.0 71.0
49.0 72.0
45.0 71.0
