12 63
13 86
16 108
20 130
29 149
42 166
59 181
78 192
99 196
121 192
141 181
159 167
173 150
181 130
185 107
188 85
189 62
26 42
37 32
52 29
68 32
83 38
113 38
128 31
144 28
161 32
172 42
98 58
98 72
98 87
97 101
79 113
88 115
98 117
107 115
117 113
43 61
53 56
64 57
74 64
63 64
52 64
123 63
132 56
144 55
154 60
145 64
133 64
62 139
75 133
89 129
98 131
107 129
121 132
135 139
122 151
109 157
99 158
88 158
75 152
68 140
89 138
98 138
107 137
130 139
108 146
99 147
89 146
