3 65
5 88
8 111
12 133
21 153
37 169
57 180
77 189
99 192
120 189
141 181
162 170
178 154
187 134
192 111
194 88
196 65
18 45
29 34
47 30
64 32
82 37
114 37
131 32
149 30
167 34
179 46
98 60
98 71
98 82
98 93
81 110
89 112
98 113
107 112
115 110
38 63
49 55
62 55
73 66
62 68
48 68
123 66
134 55
147 55
158 63
148 68
135 68
65 141
78 135
90 131
98 132
106 131
118 135
132 141
119 152
106 156
98 157
90 156
78 151
70 140
90 137
98 137
106 137
127 141
106 146
98 147
90 146
