12 63
14 84
17 106
22 126
31 145
45 160
63 170
82 178
102 180
122 177
140 169
156 157
169 141
177 122
181 100
184 79
184 57
26 44
36 34
51 30
67 31
82 36
114 35
128 29
144 27
159 30
170 40
99 57
99 69
100 81
100 94
85 108
93 110
101 111
108 109
116 108
45 61
55 54
66 54
76 63
66 65
54 65
122 61
130 52
142 51
152 57
143 62
132 63
68 134
81 131
93 128
101 130
108 128
120 131
134 133
121 142
109 145
101 146
93 146
81 142
73 134
93 135
101 136
108 135
129 134
108 136
101 137
93 137
