2 65
4 89
6 112
10 134
20 155
36 170
56 181
77 189
98 192
120 189
140 181
161 170
177 154
186 134
190 112
194 89
196 65
18 45
30 33
47 29
65 30
83 36
114 36
131 31
150 30
167 34
179 46
98 60
98 71
98 82
98 93
81 110
90 112
98 113
106 112
115 110
38 62
49 54
63 54
73 65
62 68
48 67
123 66
134 55
147 55
158 63
148 68
135 69
66 141
79 134
91 130
98 131
105 130
118 134
131 141
118 152
106 156
98 156
90 156
78 152
71 141
91 136
98 137
105 136
125 141
106 146
98 147
91 146
