4 60
6 84
7 108
11 130
20 149
36 165
54 177
73 186
94 188
114 186
133 178
152 168
168 154
180 134
186 113
188 91
190 68
18 45
30 34
48 30
66 33
83 40
120 42
136 38
152 36
169 40
180 52
100 60
100 72
100 82
101 94
80 106
89 109
99 112
110 110
119 108
38 62
49 56
62 56
72 65
62 68
48 66
126 66
137 57
150 58
161 64
151 68
138 68
62 140
75 135
90 130
98 133
106 131
120 136
132 144
118 156
106 159
96 159
86 158
74 152
68 140
89 139
98 141
106 140
126 144
106 148
97 148
88 146
