8 54
10 78
14 101
20 122
30 141
45 156
63 167
81 175
99 177
118 175
135 167
152 156
166 141
175 123
181 102
185 79
188 56
23 41
33 30
49 26
66 27
82 33
113 33
129 28
146 28
162 32
172 43
98 57
98 71
98 85
98 99
82 112
89 113
98 115
105 114
113 112
42 57
52 50
65 51
75 62
64 65
50 64
120 63
130 52
143 51
154 59
145 66
131 66
71 140
81 136
91 133
99 135
106 133
116 137
128 141
116 147
107 150
99 150
92 149
82 146
76 141
91 140
98 141
106 140
123 141
106 140
99 140
92 139
