0 61
2 85
6 109
10 133
20 153
36 169
57 179
77 188
98 191
119 188
139 179
160 168
176 153
187 132
191 109
195 85
197 61
18 40
31 29
48 25
66 27
83 32
113 32
130 27
148 25
165 29
178 40
98 58
98 70
98 82
98 94
82 111
90 112
98 113
106 112
115 110
39 61
50 55
62 55
72 64
61 67
48 66
124 64
133 55
146 54
157 61
147 66
135 67
69 144
80 135
91 130
98 131
105 130
116 135
127 143
116 153
106 156
98 157
91 157
80 153
74 143
91 137
98 138
105 137
122 142
105 146
98 147
91 146
