4 64
6 87
9 110
13 132
23 152
38 168
57 179
77 188
99 192
120 189
140 180
160 169
176 153
185 133
190 110
193 87
195 63
17 45
28 32
46 27
64 28
82 33
114 33
131 27
150 27
168 32
179 45
98 58
98 70
98 82
98 94
80 110
89 111
98 113
107 111
115 110
38 63
49 54
63 54
74 65
62 69
48 68
123 65
133 54
148 54
159 63
149 68
134 69
66 141
78 134
90 129
98 131
106 129
118 134
131 141
118 151
107 155
98 156
90 155
78 151
72 141
90 137
98 137
106 137
125 141
106 144
98 145
90 144
