16 55
16 77
18 99
20 120
27 140
40 158
57 171
74 182
94 186
115 183
134 174
152 162
168 145
178 126
183 104
186 82
188 59
27 42
37 33
51 30
66 32
81 37
112 37
129 32
145 32
160 35
172 46
97 59
96 72
96 84
95 98
79 110
87 112
95 114
104 113
112 112
44 58
54 52
66 53
74 63
64 65
52 64
121 63
130 54
142 54
152 61
144 66
131 66
62 134
75 133
87 132
95 134
104 133
116 136
130 137
115 146
103 150
94 150
86 148
74 144
67 135
87 138
95 140
104 139
125 138
103 141
95 142
86 140
