0 54
3 79
5 104
10 128
19 150
34 166
54 178
74 188
96 191
116 186
136 172
157 160
174 145
183 124
188 102
192 78
196 55
18 46
29 33
47 28
66 28
82 34
120 33
136 26
154 26
169 30
178 43
100 60
100 74
99 87
98 100
80 113
90 114
98 116
107 114
116 112
40 62
50 54
64 54
75 67
63 69
48 68
123 66
132 52
146 52
158 60
148 66
134 68
60 137
76 134
90 132
98 133
107 132
119 134
132 136
118 146
106 152
98 152
88 152
76 148
66 138
90 136
98 138
106 136
127 137
106 144
98 145
90 144
