11 54
12 77
15 100
19 123
29 143
43 158
61 170
78 179
97 183
117 180
135 171
153 160
168 145
179 125
183 103
186 80
188 57
28 36
39 26
54 24
69 26
84 31
113 33
128 28
144 27
159 30
169 40
99 57
98 70
98 82
98 94
83 110
90 111
98 112
105 112
113 111
45 56
55 50
67 51
75 61
65 64
53 63
122 63
130 54
142 53
152 59
143 65
131 66
70 140
81 134
91 130
98 132
105 131
116 135
127 140
116 150
106 154
98 155
90 154
80 149
74 140
92 137
98 138
105 137
122 140
105 145
98 145
91 144
