14 58
15 80
17 103
21 125
28 146
40 164
56 179
75 190
97 193
120 190
138 179
154 164
167 146
174 125
177 103
180 80
181 57
29 46
39 36
55 33
70 35
85 41
111 40
126 35
141 33
157 35
167 46
98 56
98 71
98 86
98 102
82 111
89 114
98 117
107 114
115 112
47 59
56 53
67 53
76 60
66 62
55 63
120 60
129 53
140 53
149 59
141 63
130 62
66 141
78 136
89 133
98 135
107 133
118 136
130 141
118 150
107 153
98 154
89 153
77 149
71 141
89 141
98 142
107 141
124 141
107 141
98 142
89 141
