16 55
17 77
19 100
23 122
30 143
42 162
58 177
76 189
98 192
120 189
139 177
154 162
166 143
173 122
177 100
179 77
180 54
30 42
40 33
55 31
70 34
84 40
112 39
126 33
141 30
156 32
166 42
98 57
98 72
98 86
98 101
80 110
88 113
98 116
108 113
117 110
46 59
55 54
66 55
75 61
65 63
54 63
121 61
130 55
142 54
151 59
142 64
131 64
66 141
77 135
89 132
98 134
108 132
120 135
131 141
120 152
108 157
98 158
88 157
76 152
71 141
89 141
98 142
108 141
126 142
108 142
98 144
89 143
