15 56
16 78
19 101
23 123
31 143
43 161
59 177
77 188
99 192
121 188
139 176
155 161
168 143
175 122
179 100
182 78
183 55
30 40
41 32
56 30
71 33
85 39
111 39
125 33
140 30
155 32
166 40
98 56
98 72
98 88
98 104
82 113
90 116
98 118
107 116
115 113
46 58
56 53
67 54
76 60
66 62
54 62
121 60
130 54
141 53
150 58
142 62
131 62
68 139
79 135
90 132
98 135
107 132
117 135
129 139
118 149
107 153
98 154
90 153
79 149
72 140
90 140
98 141
107 140
124 140
107 142
98 143
90 142
