14 59
15 82
18 103
22 124
30 144
43 162
59 177
78 189
99 192
120 189
140 178
156 163
170 146
177 126
182 104
185 82
185 59
26 40
38 32
53 31
68 34
83 40
112 40
127 33
143 30
159 32
170 40
98 58
98 74
98 90
98 106
82 113
89 117
98 120
107 117
115 114
43 59
53 53
65 54
76 63
64 65
52 64
121 63
131 54
144 53
154 60
145 64
132 65
64 136
76 132
89 130
98 132
108 130
121 132
134 136
121 149
108 155
98 156
88 155
76 148
69 137
89 139
98 140
108 139
128 138
108 142
98 143
88 142
