17 57
17 79
21 101
25 122
32 143
45 161
60 176
78 188
98 192
119 189
138 177
155 162
168 144
176 124
180 101
183 79
184 56
28 40
40 34
54 33
68 36
81 42
114 41
128 35
142 32
157 33
169 40
98 58
97 74
97 90
97 106
82 113
90 117
98 120
106 117
113 114
44 58
54 53
66 53
75 62
64 63
53 63
121 61
131 53
143 53
152 58
144 63
132 63
65 136
77 133
89 131
98 134
107 131
120 133
133 136
120 149
108 154
98 155
88 154
77 148
70 138
89 139
98 140
107 139
127 138
107 142
98 144
89 142
