15 58
15 80
17 103
22 126
31 147
44 165
60 181
78 193
99 196
120 193
138 181
154 165
167 146
176 126
181 103
183 80
183 58
29 36
40 28
54 28
69 31
82 37
114 37
128 31
142 27
157 29
168 37
98 58
98 73
98 88
98 103
80 112
89 116
98 118
108 116
117 112
44 59
54 54
65 55
76 63
64 65
52 64
121 63
132 55
143 54
153 59
144 64
133 65
62 138
75 132
89 130
98 132
108 130
122 132
135 137
122 155
109 163
98 164
88 163
74 155
67 139
88 139
98 140
108 139
129 139
108 148
98 150
88 148
