12 63
12 86
14 109
18 131
25 152
38 170
55 185
75 196
99 198
122 196
142 185
159 171
173 153
180 131
184 109
185 86
186 63
26 47
37 36
53 32
70 34
86 40
110 40
126 34
143 32
160 36
170 47
98 57
98 72
98 86
98 102
80 111
89 115
98 118
108 114
117 112
44 60
54 54
65 54
76 62
65 64
53 64
120 62
131 55
143 54
152 60
143 64
132 64
63 139
76 134
89 131
98 134
108 131
121 134
134 139
121 150
109 154
98 155
88 154
75 149
68 140
88 139
98 140
108 139
128 140
108 142
98 143
88 142
