12 61
13 84
16 107
19 130
26 151
39 170
56 186
76 197
98 200
121 197
141 186
158 170
170 151
178 130
181 107
183 84
184 61
27 47
38 37
54 34
69 36
85 41
111 41
126 36
143 34
158 37
169 47
98 57
98 72
98 87
98 102
81 112
89 115
98 118
107 115
115 112
46 59
55 54
66 54
76 61
66 63
55 63
120 61
130 54
141 54
150 60
141 63
130 63
64 139
76 135
89 133
98 135
108 133
120 135
133 139
121 150
109 156
98 156
88 156
76 150
69 140
89 139
98 140
108 139
128 140
108 145
98 146
88 145
