15 59
16 81
18 104
23 126
31 146
44 164
60 179
78 191
99 194
120 191
139 180
156 165
170 147
178 126
183 104
186 81
186 58
29 38
40 29
55 28
69 30
82 36
113 36
126 30
141 28
157 30
168 38
98 57
98 73
97 88
97 104
81 114
89 117
97 119
106 116
114 114
45 58
55 53
66 54
75 62
65 63
54 62
122 62
131 54
142 53
152 58
143 63
132 63
66 138
77 133
89 131
98 133
107 131
120 133
133 138
120 151
108 158
98 158
88 157
77 151
70 139
89 139
98 140
107 139
128 139
107 146
98 146
89 145
