16 62
16 84
18 107
22 129
30 150
42 168
59 184
77 196
99 199
121 196
141 184
158 169
172 151
180 130
184 108
186 85
186 62
29 41
40 32
54 31
69 33
82 40
112 40
127 33
142 30
158 32
170 41
98 58
97 73
97 89
97 104
80 113
89 116
97 119
106 116
115 113
44 60
54 54
66 55
76 63
64 64
53 64
121 63
131 54
143 54
153 60
144 64
132 64
60 137
74 132
88 131
98 133
108 130
123 132
137 137
124 153
109 160
98 161
87 160
73 152
66 138
88 138
98 140
108 138
132 138
109 148
98 149
87 148
