0.0 59.0
2.0 83.0
5.0 107.0
10.0 131.0
20.0 151.0
36.0 167.0
56.0 179.0
76.0 187.0
97.0 190.0
117.0 187.0
138.0 179.0
157.0 167.0
173.0 151.0
184.0 130.0
189.0 108.0
192.0 84.0
194.0 60.0
19.0 40.0
31.0 28.0
49.0 25.0
67.0 26.0
84.0 32.0
112.0 33.0
129.0 27.0
147.0 25.0
164.0 29.0
176.0 41.0
98.0 58.0
98.0 71.0
99.0 83.0
99.0 96.0
81.0 111.0
90.0 113.0
98.0 114.0
107.0 113.0
115.0 111.0
39.0 60.0
50.0 54.0
63.0 54.0
72.0 64.0
62.0 67.0
49.0 66.0
123.0 64.0
133.0 55.0
145.0 54.0
156.0 61.0
147.0 66.0
134.0 67.0
68.0 143.0
79.0 134.0
91.0 129.0
98.0 131.0
105.0 129.0
116.0 134.0
127.0 143.0
116.0 153.0
106.0 157.0
98.0 158.0
90.0 157.0
79.0 153.0
73.0 142.0
91.0 137.0
98.0 138.0
105.0 137.0
122.0 142.0
105.0 146.0
98.0 147.0
91.0 146.0
2.0 61.0
4.0 85.0
7.0 108.0
11.0 131.0
21.0 151.0
37.0 167.0
57.0 179.0
77.0 187.0
99.0 190.0
120.0 187.0
140.0 178.0
159.0 166.0
174.0 150.0
184.0 129.0
188.0 107.0
191.0 84.0
193.0 60.0
20.0 41.0
32.0 29.0
49.0 25.0
67.0 27.0
84.0 33.0
113.0 33.0
129.0 28.0
147.0 26.0
163.0 30.0
175.0 41.0
98.0 58.0
99.0 71.0
99.0 83.0
99.0 96.0
82.0 111.0
90.0 113.0
99.0 114.0
107.0 113.0
115.0 111.0
40.0 60.0
51.0 54.0
63.0 54.0
73.0 64.0
62.0 66.0
49.0 65.0
123.0 64.0
133.0 55.0
145.0 55.0
156.0 61.0
146.0 66.0
134.0 66.0
67.0 142.0
79.0 134.0
91.0 129.0
99.0 131.0
106.0 129.0
117.0 134.0
129.0 142.0
118.0 152.0
106.0 156.0
99.0 157.0
91.0 156.0
79.0 152.0
72.0 142.0
91.0 138.0
99.0 138.0
106.0 138.0
124.0 141.0
106.0 145.0
99.0 146.0
91.0 145.0
