10 60
12 82
15 104
20 126
30 145
45 161
63 173
80 183
100 186
118 184
137 174
156 162
170 146
180 126
186 104
190 82
192 58
20 44
32 34
48 32
65 33
80 38
114 38
130 32
147 31
164 34
176 44
98 60
98 73
97 86
97 100
80 112
90 114
98 116
106 114
115 112
40 60
50 54
64 54
74 64
62 66
50 66
122 64
133 54
146 54
157 60
147 66
134 66
66 138
78 134
90 130
98 132
106 130
119 134
132 138
120 150
107 155
98 156
90 156
78 150
71 138
90 138
98 138
106 138
126 139
106 144
98 144
90 144
