4.0 57.0
6.0 81.0
10.0 104.0
14.0 127.0
24.0 147.0
39.0 162.0
58.0 174.0
77.0 184.0
97.0 187.0
117.0 184.0
137.0 175.0
155.0 163.0
171.0 147.0
181.0 128.0
186.0 105.0
189.0 82.0
192.0 58.0
19.0 43.0
31.0 31.0
48.0 28.0
65.0 29.0
82.0 35.0
114.0 35.0
131.0 30.0
149.0 29.0
166.0 33.0
177.0 44.0
98.0 59.0
98.0 72.0
98.0 84.0
98.0 97.0
81.0 112.0
89.0 113.0
98.0 114.0
106.0 113.0
114.0 112.0
39.0 60.0
50.0 53.0
63.0 54.0
73.0 64.0
62.0 67.0
49.0 67.0
123.0 65.0
132.0 54.0
146.0 54.0
157.0 61.0
147.0 67.0
133.0 68.0
65.0 140.0
78.0 135.0
90.0 131.0
98.0 133.0
105.0 131.0
118.0 135.0
130.0 140.0
118.0 151.0
106.0 155.0
97.0 156.0
89.0 155.0
77.0 150.0
70.0 140.0
90.0 138.0
98.0 139.0
105.0 138.0
125.0 141.0
105.0 144.0
98.0 145.0
90.0 144.0
5.0 58.0
8.0 82.0
11.0 105.0
16.0 127.0
25.0 147.0
40.0 162.0
58.0 173.0
78.0 182.0
98.0 184.0
117.0 181.0
136.0 172.0
155.0 161.0
170.0 146.0
180.0 126.0
184.0 104.0
188.0 81.0
190.0 58.0
18.0 43.0
30.0 31.0
47.0 26.0
65.0 28.0
82.0 34.0
114.0 34.0
131.0 28.0
149.0 27.0
166.0 30.0
177.0 42.0
98.0 58.0
98.0 71.0
98.0 84.0
98.0 97.0
81.0 111.0
90.0 113.0
98.0 114.0
107.0 113.0
115.0 111.0
38.0 61.0
49.0 55.0
63.0 55.0
73.0 65.0
61.0 68.0
48.0 67.0
123.0 65.0
134.0 55.0
147.0 54.0
158.0 61.0
148.0 67.0
135.0 68.0
66.0 138.0
79.0 133.0
91.0 129.0
98.0 131.0
106.0 129.0
117.0 133.0
130.0 138.0
118.0 147.0
107.0 152.0
98.0 152.0
90.0 152.0
79.0 148.0
72.0 138.0
91.0 137.0
98.0 137.0
106.0 137.0
124.0 138.0
106.0 141.0
98.0 142.0
90.0 141.0
