10 57
11 80
15 102
19 124
28 144
43 160
61 172
78 182
98 185
118 182
137 172
156 160
170 145
180 126
185 104
188 82
190 58
21 44
32 34
49 31
66 33
82 38
114 39
131 34
148 32
165 36
178 46
98 60
98 73
98 86
98 100
81 112
90 114
98 116
106 114
116 112
40 60
50 54
64 54
74 64
63 66
50 65
122 64
132 54
146 54
156 60
147 66
134 66
66 138
79 135
91 132
98 134
106 132
118 135
130 138
118 146
106 150
98 150
90 150
78 146
72 138
90 138
98 139
106 138
126 138
106 140
98 142
90 140
