0.0 61.0
2.0 85.0
5.0 109.0
10.0 132.0
20.0 153.0
36.0 169.0
56.0 180.0
77.0 189.0
98.0 192.0
118.0 189.0
138.0 179.0
158.0 168.0
173.0 151.0
183.0 131.0
188.0 108.0
191.0 84.0
193.0 60.0
20.0 39.0
32.0 28.0
49.0 24.0
67.0 25.0
84.0 31.0
113.0 31.0
129.0 26.0
147.0 24.0
163.0 28.0
175.0 39.0
99.0 58.0
99.0 70.0
99.0 82.0
99.0 95.0
82.0 111.0
90.0 113.0
99.0 114.0
107.0 113.0
115.0 111.0
40.0 60.0
51.0 54.0
63.0 54.0
73.0 64.0
62.0 66.0
50.0 65.0
123.0 64.0
132.0 55.0
145.0 54.0
155.0 61.0
146.0 66.0
134.0 67.0
68.0 144.0
80.0 135.0
91.0 130.0
99.0 132.0
106.0 130.0
116.0 135.0
127.0 144.0
117.0 154.0
106.0 158.0
98.0 159.0
90.0 158.0
79.0 154.0
74.0 143.0
91.0 138.0
98.0 138.0
106.0 138.0
122.0 143.0
106.0 147.0
98.0 148.0
91.0 147.0
6.0 58.0
7.0 82.0
10.0 106.0
15.0 128.0
24.0 149.0
40.0 165.0
59.0 177.0
79.0 187.0
99.0 190.0
119.0 187.0
139.0 178.0
158.0 166.0
174.0 150.0
184.0 129.0
189.0 106.0
192.0 82.0
194.0 58.0
23.0 38.0
34.0 27.0
51.0 24.0
68.0 25.0
83.0 32.0
113.0 32.0
129.0 25.0
146.0 23.0
163.0 27.0
174.0 38.0
98.0 58.0
98.0 71.0
98.0 84.0
98.0 97.0
81.0 112.0
90.0 114.0
98.0 115.0
107.0 113.0
115.0 112.0
42.0 60.0
52.0 54.0
64.0 54.0
74.0 63.0
63.0 65.0
51.0 65.0
123.0 63.0
132.0 54.0
145.0 54.0
155.0 59.0
146.0 64.0
134.0 65.0
69.0 142.0
80.0 135.0
91.0 130.0
98.0 132.0
106.0 130.0
117.0 134.0
129.0 141.0
118.0 152.0
107.0 157.0
99.0 158.0
90.0 157.0
80.0 153.0
74.0 142.0
91.0 138.0
98.0 138.0
106.0 138.0
123.0 141.0
106.0 146.0
99.0 147.0
91.0 146.0
