0.0 60.0
2.0 84.0
5.0 108.0
10.0 131.0
20.0 152.0
35.0 168.0
55.0 180.0
75.0 189.0
96.0 191.0
116.0 187.0
134.0 177.0
151.0 164.0
165.0 148.0
175.0 128.0
180.0 106.0
183.0 83.0
184.0 60.0
19.0 43.0
32.0 32.0
49.0 27.0
67.0 29.0
84.0 34.0
116.0 34.0
132.0 30.0
148.0 28.0
164.0 32.0
174.0 44.0
100.0 59.0
100.0 71.0
101.0 82.0
101.0 94.0
81.0 109.0
90.0 111.0
100.0 112.0
108.0 111.0
117.0 109.0
38.0 61.0
50.0 54.0
64.0 54.0
74.0 64.0
63.0 68.0
49.0 67.0
121.0 65.0
132.0 54.0
145.0 54.0
155.0 62.0
146.0 68.0
132.0 68.0
64.0 141.0
78.0 134.0
91.0 129.0
99.0 131.0
107.0 128.0
118.0 133.0
130.0 141.0
118.0 154.0
106.0 160.0
98.0 161.0
90.0 161.0
76.0 155.0
70.0 141.0
91.0 137.0
99.0 137.0
107.0 137.0
124.0 142.0
106.0 148.0
98.0 149.0
90.0 149.0
10.0 64.0
12.0 87.0
15.0 109.0
19.0 132.0
28.0 151.0
43.0 168.0
60.0 182.0
79.0 192.0
100.0 196.0
122.0 192.0
142.0 182.0
160.0 169.0
174.0 153.0
183.0 132.0
188.0 110.0
191.0 88.0
192.0 64.0
20.0 44.0
31.0 33.0
47.0 29.0
64.0 30.0
80.0 35.0
116.0 35.0
132.0 30.0
150.0 28.0
166.0 33.0
178.0 45.0
98.0 59.0
98.0 71.0
97.0 82.0
96.0 94.0
79.0 109.0
88.0 110.0
97.0 112.0
107.0 110.0
116.0 108.0
38.0 64.0
49.0 57.0
61.0 58.0
72.0 67.0
61.0 69.0
48.0 68.0
124.0 66.0
135.0 57.0
148.0 57.0
159.0 64.0
149.0 68.0
136.0 69.0
62.0 140.0
74.0 133.0
88.0 128.0
97.0 130.0
106.0 128.0
121.0 133.0
136.0 140.0
122.0 155.0
108.0 162.0
98.0 162.0
88.0 161.0
75.0 155.0
67.0 141.0
88.0 137.0
98.0 138.0
107.0 137.0
130.0 141.0
107.0 149.0
98.0 150.0
89.0 149.0
