8 52
11 75
15 98
20 120
29 140
44 156
62 168
80 180
98 184
119 181
138 170
158 158
175 142
186 122
190 98
194 74
196 50
22 42
32 32
48 29
65 31
81 36
112 35
129 29
146 27
164 30
178 41
97 59
97 72
98 84
98 96
81 110
89 112
98 114
106 112
115 111
40 61
52 54
65 54
75 64
64 68
50 68
122 64
132 54
146 53
158 60
148 66
134 67
64 140
78 134
90 130
98 132
106 130
118 134
132 140
119 151
107 156
98 157
90 156
77 150
70 140
90 139
98 140
106 139
126 140
106 144
98 144
90 144
