4.0 60.0
6.0 84.0
8.0 107.0
12.0 129.0
22.0 149.0
38.0 164.0
58.0 176.0
78.0 186.0
99.0 189.0
119.0 186.0
139.0 176.0
159.0 165.0
176.0 149.0
186.0 129.0
190.0 107.0
193.0 83.0
195.0 60.0
17.0 46.0
29.0 34.0
46.0 30.0
64.0 31.0
81.0 36.0
114.0 36.0
132.0 31.0
150.0 30.0
168.0 34.0
180.0 46.0
98.0 60.0
98.0 72.0
98.0 83.0
98.0 96.0
81.0 110.0
89.0 112.0
98.0 113.0
107.0 112.0
115.0 110.0
38.0 62.0
50.0 55.0
63.0 55.0
73.0 65.0
62.0 68.0
48.0 67.0
123.0 65.0
134.0 55.0
147.0 55.0
158.0 62.0
148.0 67.0
135.0 68.0
64.0 139.0
77.0 133.0
90.0 129.0
98.0 131.0
106.0 129.0
119.0 133.0
133.0 139.0
120.0 150.0
107.0 155.0
98.0 156.0
89.0 155.0
77.0 150.0
69.0 139.0
90.0 136.0
98.0 137.0
106.0 136.0
127.0 139.0
107.0 144.0
98.0 145.0
90.0 144.0
18.0 58.0
20.0 82.0
26.0 105.0
32.0 128.0
40.0 148.0
53.0 166.0
68.0 180.0
84.0 190.0
104.0 191.0
126.0 189.0
146.0 180.0
165.0 166.0
181.0 150.0
192.0 128.0
197.0 106.0
201.0 80.0
203.0 54.0
26.0 43.0
35.0 33.0
49.0 31.0
64.0 34.0
78.0 40.0
112.0 38.0
129.0 32.0
148.0 30.0
166.0 33.0
182.0 42.0
94.0 60.0
94.0 74.0
93.0 88.0
92.0 101.0
78.0 112.0
86.0 115.0
94.0 116.0
104.0 115.0
113.0 114.0
43.0 60.0
53.0 54.0
66.0 54.0
76.0 63.0
64.0 66.0
52.0 65.0
123.0 64.0
132.0 54.0
146.0 54.0
158.0 61.0
148.0 65.0
134.0 66.0
72.0 142.0
78.0 132.0
90.0 128.0
98.0 130.0
106.0 128.0
122.0 133.0
136.0 142.0
124.0 162.0
109.0 168.0
99.0 169.0
90.0 168.0
80.0 160.0
78.0 142.0
90.0 136.0
98.0 136.0
106.0 136.0
132.0 142.0
108.0 154.0
98.0 155.0
90.0 154.0
