14 56
16 79
20 100
24 122
33 142
46 159
62 172
80 183
100 187
120 184
139 174
156 160
170 144
180 124
184 102
188 78
190 54
24 43
34 32
50 28
68 31
83 36
110 36
126 30
144 28
162 31
174 42
97 58
96 72
96 86
96 100
81 112
89 114
98 116
106 114
115 112
42 60
52 53
65 53
75 64
64 66
51 66
121 62
132 53
145 52
156 60
146 66
132 66
68 140
80 135
91 132
98 134
106 132
118 135
130 140
118 150
107 154
98 154
90 154
80 149
74 140
90 140
98 141
106 140
126 140
106 142
98 143
91 142
