5 58
8 81
11 104
16 126
26 146
40 162
59 174
78 185
98 188
118 185
136 175
154 163
168 146
178 127
183 106
187 82
191 59
20 41
32 30
48 26
66 28
82 34
115 36
131 30
149 28
166 32
178 44
98 58
98 72
98 86
98 100
81 112
90 114
98 116
106 114
116 112
40 60
50 52
64 53
74 64
64 67
49 66
122 64
132 53
146 53
156 60
146 66
133 68
66 140
78 134
90 130
98 132
106 130
118 134
132 140
118 149
107 154
98 154
90 154
78 150
72 140
90 137
98 138
106 138
126 140
107 142
98 142
90 142
