14 61
15 83
18 105
22 126
30 147
42 164
59 178
78 190
98 193
119 190
138 179
155 164
168 147
175 126
179 105
182 83
183 60
28 42
39 35
53 34
68 36
81 42
115 42
128 35
143 33
157 34
168 42
98 58
98 73
98 89
98 105
82 113
90 116
98 119
106 116
114 113
44 59
54 54
65 54
75 62
64 64
53 64
121 62
131 54
142 54
152 59
143 63
132 64
63 136
76 133
89 132
98 134
107 132
120 133
134 136
121 148
108 153
98 154
88 153
76 148
68 138
89 139
98 140
108 139
128 137
108 143
98 144
89 142
