17 66
17 88
19 110
23 131
31 152
43 170
59 185
77 197
99 200
122 198
143 188
160 173
174 155
183 134
187 111
189 87
190 64
29 43
39 34
54 31
68 34
82 40
113 39
128 33
144 30
159 33
171 42
97 58
97 73
96 88
96 104
80 112
88 116
97 119
106 116
115 112
45 61
54 55
66 55
76 62
65 64
54 64
122 62
132 55
143 54
153 60
144 64
132 64
61 138
74 132
87 130
98 132
108 130
123 133
138 137
124 153
109 160
98 161
87 160
73 153
67 139
87 138
98 140
108 138
133 138
108 148
98 149
87 148
