11 61
12 84
13 106
17 129
24 150
38 168
55 184
75 195
98 198
121 195
141 184
158 169
171 150
179 129
182 107
184 84
184 61
29 43
39 32
55 29
70 31
85 37
112 37
127 31
142 29
157 32
167 43
98 57
99 72
99 86
99 102
80 112
89 115
98 118
108 115
116 112
46 59
55 54
66 55
75 61
65 62
55 62
121 61
130 55
141 55
150 60
141 63
131 63
64 140
77 135
89 132
98 135
108 132
120 135
132 140
120 150
108 155
98 156
88 155
76 150
69 140
89 140
98 141
108 140
127 140
108 145
98 146
89 145
