10 64
11 87
13 109
16 132
24 152
37 170
55 184
75 194
98 197
120 194
140 184
157 170
171 153
178 132
183 110
185 88
186 65
26 42
37 33
53 30
69 32
84 39
113 38
128 32
144 30
159 33
170 43
98 57
98 72
98 87
98 102
80 112
89 115
98 118
108 116
116 112
43 61
53 54
65 55
76 63
64 65
52 65
120 63
131 55
143 54
153 61
144 65
132 65
61 138
75 132
88 130
98 132
108 130
122 132
135 138
122 150
109 156
98 157
88 156
74 150
66 138
88 138
98 139
108 138
130 139
108 144
98 145
88 144
