12 60
12 82
15 105
18 127
26 147
38 165
55 179
75 190
98 192
121 190
141 179
157 165
169 147
177 127
180 105
182 83
183 60
27 46
38 36
54 33
70 36
86 42
110 42
126 36
142 33
158 36
169 47
98 57
98 72
99 87
98 103
80 111
89 114
98 117
108 115
117 112
44 60
54 54
65 54
76 62
65 64
53 64
121 62
131 54
142 54
152 60
143 64
131 64
63 138
76 134
89 132
98 134
108 131
120 134
133 138
120 148
108 152
98 152
88 151
76 147
68 139
89 138
98 140
108 139
127 139
108 140
98 141
89 140
