12 62
13 85
15 108
18 131
26 152
39 171
56 187
75 198
99 200
122 198
141 187
158 172
171 152
179 131
182 108
184 85
184 62
28 48
38 38
54 34
69 36
85 42
111 42
126 36
142 34
158 38
168 49
98 57
98 72
98 87
98 103
80 112
89 115
98 118
107 115
116 112
46 60
55 54
66 54
76 61
66 62
55 63
120 61
130 54
141 55
150 60
141 63
130 63
63 138
76 135
88 133
98 135
108 133
121 135
134 139
121 150
109 155
98 156
88 155
75 150
68 139
88 139
98 140
108 139
129 139
108 145
98 146
88 145
