10 63
11 86
12 109
16 132
24 153
37 172
55 187
75 198
98 200
121 198
140 186
156 171
169 152
177 131
180 108
182 86
182 64
26 49
37 37
53 33
70 35
86 41
111 41
127 35
143 33
159 37
168 48
98 57
99 72
99 87
99 102
80 112
89 115
99 118
108 115
117 112
45 60
54 55
65 55
75 61
65 63
54 63
120 61
130 55
141 55
150 60
142 64
131 63
61 138
75 134
88 132
99 135
108 133
121 134
134 139
121 150
109 156
98 156
87 156
74 150
66 139
88 138
98 140
109 139
129 139
109 145
98 147
88 145
