13 63
13 86
15 109
19 131
27 152
40 170
57 185
76 195
98 198
120 195
140 184
157 170
170 151
178 131
182 108
185 85
185 62
30 40
40 31
54 28
69 30
82 35
113 35
127 29
142 27
157 30
168 39
98 57
98 72
98 87
98 103
81 113
89 116
98 118
107 116
115 113
45 60
55 54
66 55
75 62
65 63
54 63
121 62
131 55
142 54
151 59
143 62
132 63
63 139
75 133
88 131
98 133
108 130
121 133
134 139
122 152
108 159
98 160
88 159
75 153
67 140
88 139
98 140
108 139
129 140
108 147
98 148
88 147
