14 61
13 84
15 106
20 129
28 150
42 168
58 184
76 196
98 199
120 196
140 184
156 169
169 150
178 129
182 106
184 84
184 61
28 38
39 30
54 28
68 31
82 37
114 37
128 31
143 28
157 30
168 39
98 58
98 73
98 87
98 102
79 112
88 115
98 118
108 115
117 112
43 60
53 55
65 55
75 63
64 65
52 65
121 63
132 56
143 55
153 60
144 65
133 65
60 138
73 132
88 130
98 132
108 130
123 132
137 138
124 156
110 164
98 165
87 164
72 156
65 139
88 139
98 140
108 139
131 139
109 150
98 151
88 150
