16 52
16 75
18 99
22 121
29 142
42 161
57 178
76 190
98 193
120 190
138 177
153 161
166 142
174 121
177 98
179 75
179 52
30 43
40 34
55 32
70 35
84 41
113 41
127 36
142 33
156 35
167 44
98 58
98 73
98 88
98 103
79 110
88 113
98 116
109 113
118 110
45 59
55 54
66 54
75 61
65 64
54 63
121 62
131 55
142 55
151 60
143 64
132 64
64 139
76 135
89 132
98 134
108 132
120 135
132 139
120 151
108 156
98 157
88 156
75 151
69 140
89 141
98 142
108 141
127 140
108 142
98 144
88 142
