15 63
15 85
17 108
20 130
28 151
39 170
55 186
74 196
98 198
122 196
140 185
155 170
167 151
174 129
178 107
180 85
180 63
31 45
40 34
55 31
71 33
85 39
112 39
126 34
141 32
156 35
165 46
99 57
98 71
99 86
99 100
78 110
88 113
98 116
109 113
119 110
46 61
55 56
66 56
75 62
65 64
54 64
121 62
131 56
141 56
150 61
142 64
131 64
62 142
75 135
88 133
99 135
108 133
122 135
134 142
122 153
109 158
98 159
88 159
74 154
67 142
88 141
98 142
109 141
129 142
109 147
98 148
88 147
