14 60
15 82
18 104
22 126
30 147
42 165
58 179
77 190
98 193
119 189
138 179
154 164
166 147
174 126
179 104
182 82
183 60
30 42
40 33
54 31
69 34
82 41
115 41
128 34
142 31
157 34
167 42
98 57
98 73
98 89
98 105
81 112
89 116
98 119
107 116
115 112
46 59
55 53
65 54
75 61
65 63
54 63
121 61
131 54
142 53
151 59
142 63
132 63
64 137
77 134
89 133
98 135
108 133
120 134
133 136
120 147
108 152
98 153
89 151
76 147
69 138
89 139
98 140
108 139
128 138
108 142
98 143
89 142
