16 61
17 83
20 105
24 126
31 147
42 165
57 179
76 190
99 193
121 190
141 180
157 165
169 147
176 126
180 104
182 82
184 59
31 47
41 37
55 34
70 36
84 41
111 41
125 35
141 33
155 36
166 46
98 56
98 72
97 88
98 105
80 112
88 115
98 118
107 115
116 111
48 59
57 55
66 54
76 60
66 62
56 63
121 60
130 54
140 54
148 59
140 62
130 62
66 139
78 136
89 135
98 137
107 135
118 136
130 139
118 146
107 148
98 149
89 148
78 145
71 139
89 139
98 141
107 140
126 139
107 141
98 142
89 141
