12 54
14 78
17 100
22 122
31 142
44 160
61 174
79 186
98 189
118 186
137 174
154 160
168 143
177 122
182 100
185 77
188 53
24 43
36 35
51 33
66 36
81 42
114 42
129 36
145 34
161 35
173 43
98 60
98 75
98 89
98 104
81 113
89 116
98 119
106 116
115 113
42 59
52 53
64 54
75 63
63 65
51 64
122 63
132 54
144 53
155 59
145 64
133 65
64 136
77 133
89 131
98 133
107 132
119 134
134 136
120 148
107 154
98 154
89 153
77 148
69 137
89 138
98 139
107 138
128 137
107 143
98 144
89 143
