9 59
10 82
13 105
17 128
25 149
40 166
59 178
78 189
98 192
119 189
137 178
155 164
170 147
179 127
184 104
186 81
187 58
25 40
36 30
52 28
68 30
83 36
113 36
127 30
143 27
159 30
170 40
99 58
98 73
99 87
98 102
81 114
89 115
98 117
107 115
116 113
42 60
53 54
65 55
74 63
63 64
52 64
122 63
132 55
144 54
154 59
144 64
133 64
63 138
77 134
90 130
99 132
107 130
120 133
133 137
120 150
108 156
99 157
89 156
76 151
68 139
90 138
99 139
107 138
128 138
107 145
99 146
90 145
