2 55
5 80
8 104
12 128
22 149
38 167
56 182
76 194
97 197
118 193
135 180
152 166
167 148
177 128
183 105
186 81
188 57
19 46
32 34
49 29
68 31
85 38
112 38
129 32
147 31
164 35
175 47
99 58
99 72
100 86
100 100
81 112
90 114
99 116
108 114
117 113
40 62
52 56
63 56
74 64
63 66
50 65
122 64
132 57
144 57
155 63
145 66
132 66
58 136
74 133
89 131
98 133
108 131
122 134
136 136
122 150
108 156
98 157
88 156
73 150
63 137
89 137
98 139
108 137
131 138
108 145
98 147
89 145
