1.0 30.0
2.0 42.0
3.0 54.0
6.0 66.0
10.0 76.0
18.0 84.0
28.0 90.0
38.0 95.0
49.0 97.0
60.0 95.0
70.0 90.0
78.0 82.0
86.0 74.0
90.0 64.0
92.0 53.0
94.0 42.0
94.0 30.0
11.0 21.0
17.0 16.0
26.0 14.0
34.0 15.0
42.0 18.0
58.0 18.0
65.0 16.0
73.0 14.0
81.0 16.0
86.0 22.0
50.0 29.0
50.0 36.0
50.0 42.0
50.0 50.0
40.0 56.0
44.0 57.0
49.0 58.0
54.0 57.0
58.0 56.0
21.0 30.0
26.0 28.0
32.0 28.0
36.0 32.0
32.0 32.0
26.0 32.0
62.0 32.0
66.0 28.0
72.0 28.0
77.0 30.0
72.0 32.0
66.0 32.0
30.0 70.0
38.0 67.0
44.0 65.0
49.0 66.0
54.0 65.0
60.0 67.0
67.0 69.0
60.0 76.0
54.0 79.0
49.0 80.0
44.0 79.0
38.0 76.0
33.0 70.0
44.0 68.0
49.0 69.0
54.0 68.0
64.0 70.0
54.0 73.0
49.0 74.0
44.0 73.0
2.0 30.0
2.0 42.0
4.0 54.0
6.0 65.0
10.0 76.0
18.0 84.0
28.0 91.0
38.0 96.0
49.0 98.0
60.0 96.0
69.0 90.0
78.0 83.0
85.0 75.0
90.0 64.0
91.0 54.0
92.0 42.0
94.0 32.0
12.0 21.0
18.0 14.0
26.0 12.0
34.0 14.0
42.0 17.0
56.0 17.0
64.0 14.0
72.0 14.0
81.0 16.0
86.0 22.0
50.0 28.0
50.0 35.0
50.0 42.0
50.0 48.0
41.0 56.0
45.0 56.0
50.0 57.0
54.0 56.0
58.0 56.0
22.0 30.0
27.0 28.0
32.0 28.0
36.0 32.0
32.0 32.0
26.0 32.0
62.0 32.0
66.0 28.0
72.0 28.0
76.0 30.0
72.0 32.0
66.0 32.0
32.0 70.0
39.0 68.0
45.0 66.0
50.0 66.0
53.0 66.0
59.0 68.0
65.0 70.0
60.0 76.0
54.0 78.0
50.0 78.0
45.0 78.0
38.0 76.0
35.0 70.0
46.0 70.0
50.0 70.0
54.0 70.0
62.0 70.0
54.0 72.0
50.0 73.0
45.0 72.0
0.0 28.0
1.0 40.0
2.0 53.0
4.0 64.0
9.0 75.0
16.0 84.0
26.0 90.0
36.0 95.0
47.0 96.0
57.0 94.0
66.0 89.0
74.0 82.0
81.0 74.0
86.0 64.0
88.0 53.0
90.0 42.0
91.0 30.0
13.0 20.0
19.0 14.0
28.0 13.0
36.0 14.0
44.0 17.0
57.0 18.0
64.0 15.0
72.0 14.0
79.0 16.0
84.0 21.0
50.0 28.0
50.0 36.0
50.0 42.0
50.0 49.0
41.0 56.0
46.0 56.0
50.0 58.0
54.0 57.0
58.0 56.0
22.0 29.0
27.0 26.0
32.0 27.0
37.0 31.0
32.0 32.0
26.0 32.0
60.0 31.0
65.0 28.0
70.0 28.0
75.0 30.0
71.0 32.0
65.0 32.0
32.0 70.0
40.0 68.0
46.0 65.0
50.0 66.0
54.0 65.0
59.0 67.0
64.0 70.0
59.0 76.0
54.0 78.0
49.0 78.0
45.0 78.0
39.0 76.0
36.0 70.0
46.0 69.0
50.0 70.0
54.0 69.0
62.0 70.0
54.0 72.0
50.0 73.0
46.0 72.0
