9 56
10 80
12 104
16 127
26 148
41 167
58 182
77 194
99 197
121 193
139 181
154 166
167 148
177 127
181 104
183 82
183 59
25 41
37 32
53 30
69 32
84 38
113 38
128 33
143 30
159 33
170 43
99 59
99 73
99 86
99 101
79 112
89 114
99 116
109 114
118 112
42 60
52 55
64 56
75 64
63 66
51 66
121 64
131 56
143 56
153 61
144 66
132 67
59 136
73 132
89 129
99 132
109 130
123 132
137 137
124 155
109 162
99 163
88 162
73 154
64 138
88 138
99 139
109 138
131 139
109 149
99 150
88 148
