10 61
10 84
13 107
18 129
27 149
41 167
58 180
77 192
98 195
118 192
138 181
155 167
170 150
179 130
183 107
186 84
187 61
22 44
34 34
50 30
67 33
83 39
114 39
130 33
147 30
163 34
174 45
98 59
98 73
98 87
98 102
80 113
89 116
98 118
107 116
116 113
41 61
52 55
64 55
75 63
64 66
51 65
121 64
132 55
144 55
155 61
145 65
133 66
61 137
75 133
89 130
98 132
108 130
121 133
135 137
122 150
108 156
98 157
88 156
74 150
67 138
89 137
98 138
108 137
130 138
108 145
98 146
88 144
