6 56
9 79
12 102
16 124
25 145
40 160
58 174
77 187
99 191
119 188
138 176
156 162
171 146
180 125
184 103
188 80
191 56
20 44
32 34
48 31
65 33
82 39
114 39
131 33
148 31
165 34
177 45
98 60
98 74
98 88
98 103
80 112
89 115
98 117
107 115
117 113
40 60
51 55
64 55
74 64
63 66
50 66
122 64
133 56
145 55
156 61
146 66
133 66
59 133
75 132
89 131
98 134
107 132
122 133
137 134
123 147
108 152
98 153
88 152
74 146
65 135
89 138
98 139
107 138
131 135
108 143
98 143
88 142
