6 68
8 90
10 112
14 135
21 157
35 175
53 189
74 198
98 200
121 198
143 190
162 177
177 160
186 139
190 116
192 94
195 71
21 47
32 36
49 31
67 33
83 39
112 39
129 33
147 31
164 36
176 48
97 57
97 71
97 83
96 97
78 111
88 113
97 115
107 114
116 112
39 63
51 58
63 57
74 65
63 67
50 67
121 66
133 58
146 58
156 64
146 67
134 68
56 138
71 131
87 127
97 129
108 128
125 132
141 139
125 154
109 159
97 160
86 159
71 152
61 139
86 135
97 136
108 135
135 140
109 149
97 150
86 148
