10 56
12 79
16 101
20 123
29 144
43 161
60 175
78 187
98 191
119 187
138 175
155 161
169 144
177 124
182 102
185 79
188 55
23 45
35 36
51 33
67 34
82 40
113 40
129 35
146 33
161 35
173 45
98 59
98 73
98 87
98 101
81 112
90 115
98 117
107 115
115 113
43 60
53 54
65 54
75 63
64 65
52 64
122 63
132 55
143 54
154 60
144 64
132 65
64 137
77 135
89 132
98 134
107 132
119 134
133 137
120 148
108 153
98 154
89 153
77 147
69 138
89 138
98 139
107 138
128 138
107 143
98 144
89 143
