15 57
15 81
18 104
22 126
31 147
44 165
60 181
78 193
98 195
120 193
138 181
155 167
169 149
179 128
183 105
186 82
187 58
26 43
37 33
52 30
69 32
84 38
112 38
127 32
144 30
161 32
173 42
98 58
97 72
97 85
97 99
78 112
88 114
97 116
107 114
117 111
43 61
53 55
65 55
76 63
64 66
52 65
122 63
132 55
145 55
155 60
146 65
133 65
61 140
73 134
88 130
97 132
107 130
122 133
136 140
122 155
108 162
98 164
87 162
73 155
66 141
88 139
98 140
108 139
130 141
108 149
98 150
88 149
